timestamp,accel_x,accel_y,accel_z,gyro_x,gyro_y,gyro_z
1695722066119,0.6086426,-0.008850098,-0.6968384,-1.171875,-0.25,-0.46875
1695722066164,0.6088867,-0.010803223,-0.69854736,-2.015625,0.34375,-0.984375
1695722066193,0.6142578,-0.01739502,-0.70513916,-2.109375,-0.390625,-0.015625
1695722066240,0.6135254,-0.0154418945,-0.7036743,-2.546875,-0.4375,0.90625
1695722066283,0.6074219,-0.0076293945,-0.71588135,-3.015625,-0.59375,1.125
1695722066313,0.6052246,-0.011779785,-0.6868286,-3.25,-1.140625,0.75
1695722066358,0.62890625,-0.018371582,-0.73321533,-4.125,-1.453125,0.171875
1695722066388,0.6188965,-0.023010254,-0.69122314,-2.859375,-3.484375,0.734375
1695722066433,0.61279297,-0.0049438477,-0.6970825,-1.46875,-2.75,1.03125
1695722066479,0.6176758,-0.02520752,-0.69073486,-0.375,-2.421875,0.875
1695722066509,0.6281738,-0.023498535,-0.6838989,0.109375,-2.421875,1.078125
1695722066553,0.6308594,-0.01739502,-0.68170166,-0.03125,-2.703125,1.140625
1695722066598,0.6477051,-0.024963379,-0.6865845,-0.859375,-3.328125,1.609375
1695722066628,0.6357422,0.0021362305,-0.6951294,-3.84375,-6.234375,2.203125
1695722066674,0.63720703,-0.0068969727,-0.65582275,-0.65625,-4.703125,3.34375
1695722066703,0.6550293,-0.0012817383,-0.69073486,-0.484375,-2.140625,0.796875
1695722066749,0.6525879,-0.002746582,-0.661438,0.265625,-1.609375,0.90625
1695722066794,0.6621094,-0.0022583008,-0.6917114,-1.09375,-0.6875,0.09375
1695722066823,0.65283203,-0.003479004,-0.6633911,-1.203125,-1.359375,-0.203125
1695722066868,0.6425781,-0.0051879883,-0.64923096,-2.53125,-1.875,-0.203125
1695722066913,0.64404297,-0.00982666,-0.6746216,-2.671875,-4.0625,0.109375
1695722066943,0.66625977,-0.02935791,-0.6477661,-2.53125,-10.3125,0.53125
1695722066988,0.6928711,-0.0134887695,-0.6670532,3.296875,-5.15625,1.796875
1695722067018,0.6816406,0.00579834,-0.62213135,4.46875,-3.234375,1.90625
1695722067063,0.70532227,0.0045776367,-0.6670532,2.59375,-1.953125,0.5
1695722067108,0.6767578,0.009216309,-0.6477661,2.375,-2.890625,-0.140625
1695722067138,0.69506836,0.0016479492,-0.7883911,13.0,-19.5,-2.90625
1695722067184,0.72998047,0.0040893555,-0.5183716,6.265625,-10.015625,-5.359375
1695722067229,0.6296387,0.010925293,-0.4524536,4.21875,3.171875,-0.796875
1695722067257,0.69189453,0.011169434,-0.5664673,1.3125,7.734375,-0.3125
1695722067303,0.71875,0.03314209,-0.6099243,-1.78125,9.796875,0.25
1695722067333,0.68115234,-0.0015258789,-0.59869385,-5.0625,11.765625,-0.15625
1695722067378,0.6916504,0.02923584,-0.7005005,-0.453125,5.578125,1.984375
1695722067423,0.67749023,0.024597168,-0.706604,-1.09375,1.21875,-0.390625
1695722067453,0.6582031,0.01361084,-0.6411743,-1.375,0.15625,-0.390625
1695722067499,0.66674805,0.011657715,-0.645813,-0.28125,-1.140625,-0.296875
1695722067574,0.6760254,0.032165527,-0.72784424,-1.421875,-2.953125,-1.296875
1695722067579,0.72924805,0.06756592,-0.61968994,11.140625,-21.828125,-5.671875
1695722067618,0.6015625,-0.08062744,-0.44976807,2.65625,-2.65625,-4.46875
1695722067649,0.63378906,-0.006652832,-0.45635986,0.1875,7.53125,1.140625
1695722067695,0.6748047,0.027038574,-0.6001587,-4.25,15.90625,2.140625
1695722067738,0.7011719,0.031188965,-0.7017212,-4.046875,12.78125,1.765625
1695722067768,0.7077637,0.04486084,-0.7385864,-1.203125,2.046875,-0.140625
1695722067813,0.64404297,0.024841309,-0.647522,-2.03125,-1.03125,-1.90625
1695722067858,0.6616211,0.023620605,-0.6555786,-1.859375,-0.703125,-1.390625
1695722067890,0.6645508,0.0138549805,-0.66119385,-0.796875,-2.578125,-1.140625
1695722067933,0.6948242,0.031921387,-0.7424927,0.375,-1.96875,-0.09375
1695722068028,0.67407227,0.027038574,-0.58306885,7.90625,-19.078125,-3.5
1695722068032,0.61279297,-0.024963379,-0.4241333,2.125,2.875,-1.03125
1695722068052,0.6281738,0.03314209,-0.48516846,-2.75,7.640625,-0.109375
1695722068086,0.6706543,0.014831543,-0.5894165,-7.34375,13.0,-1.5
1695722068129,0.67944336,-0.00592041,-0.66119385,-6.90625,10.8125,-1.34375
1695722068205,0.6538086,0.024108887,-0.74176025,-3.921875,9.171875,0.234375
1695722068209,0.63671875,0.0038452148,-0.67071533,-1.5,5.859375,-0.703125
1695722068253,0.63842773,-0.0044555664,-0.7000122,-1.125,4.640625,-0.234375
1695722068278,0.6311035,0.0079956055,-0.6914673,0.09375,2.265625,0.109375
1695722068323,0.64331055,0.00970459,-0.69244385,-0.125,1.1875,0.375
1695722068369,0.6435547,0.010437012,-0.68878174,-0.25,0.984375,0.3125
1695722068398,0.6296387,0.015075684,-0.68414307,-1.59375,2.390625,-0.109375
1695722068444,0.62524414,0.013122559,-0.67974854,-1.875,1.671875,0.046875
1695722068488,0.6171875,0.0016479492,-0.6782837,-3.296875,1.71875,-0.703125
1695722068518,0.6230469,-0.00030517578,-0.6838989,-4.765625,4.078125,-1.546875
1695722068564,0.62719727,0.0021362305,-0.71051025,-3.90625,2.46875,-1.828125
1695722068593,0.62402344,-0.007385254,-0.70147705,-1.984375,1.609375,-0.78125
1695722068638,0.62158203,-0.009338379,-0.71588135,-2.203125,0.984375,-0.6875
1695722068683,0.61450195,-0.0071411133,-0.68927,-1.71875,0.5,-0.34375
1695722068714,0.6220703,-0.00982666,-0.7053833,-1.6875,0.515625,0.109375
1695722068761,0.6142578,-0.0178833,-0.68951416,-0.78125,0.484375,1.015625
1695722068803,0.62280273,-0.006652832,-0.7190552,-1.8125,0.78125,0.875
1695722068832,0.62890625,-0.005432129,-0.71466064,-0.875,-0.59375,0.5625
1695722068878,0.61157227,-0.00982666,-0.69732666,-0.90625,-0.359375,0.71875
1695722068907,0.6123047,-0.010803223,-0.6921997,-1.921875,-0.203125,0.296875
1695722068953,0.62158203,-0.009094238,-0.69488525,-1.921875,-0.390625,-0.09375
1695722068999,0.6113281,-0.016906738,-0.69317627,-1.859375,-0.046875,-0.09375
1695722069027,0.62158203,-0.009338379,-0.68707275,-2.234375,0.15625,-0.09375
1695722069074,0.6286621,-0.009094238,-0.70440674,-2.203125,0.03125,0.15625
1695722069103,0.60498047,-0.016174316,-0.65753174,-0.578125,1.359375,0.609375
1695722069148,0.6274414,-0.027404785,-0.6860962,-1.796875,-0.0625,1.640625
1695722069193,0.6062012,-0.008117676,-0.70758057,-0.5625,-3.125,2.453125
1695722069223,0.6335449,-0.01373291,-0.71051025,-1.46875,-3.1875,1.78125
1695722069269,0.62353516,0.005554199,-0.71295166,-1.390625,-4.0,0.65625
1695722069313,0.6452637,-0.008117676,-0.70391846,-0.53125,-2.59375,-0.140625
1695722069342,0.6154785,-0.0015258789,-0.68096924,-0.140625,-3.0625,0.4375
1695722069388,0.642334,-0.0032348633,-0.678772,1.375,-2.5,0.65625
1695722069417,0.6281738,-0.003967285,-0.65753174,1.90625,-1.953125,1.171875
1695722069463,0.65112305,0.001159668,-0.67510986,2.234375,-1.796875,0.671875
1695722069508,0.6530762,0.003112793,-0.7005005,-0.203125,-2.046875,-0.03125
1695722069537,0.63305664,0.008239746,-0.6646118,0.015625,-1.96875,0.28125
1695722069583,0.64941406,0.006286621,-0.68707275,-1.203125,-1.984375,-0.015625
1695722069630,0.6472168,0.009460449,-0.6694946,-1.734375,-1.0,-0.515625
1695722069658,0.6394043,0.0014038086,-0.66070557,-1.71875,-1.078125,-0.296875
1695722069703,0.64941406,-0.002746582,-0.6292114,-1.15625,0.015625,-0.1875
1695722069733,0.64086914,-6.1035156e-05,-0.7163696,-0.3125,-1.015625,0.53125
1695722069779,0.6525879,-0.004699707,-0.6343384,-1.359375,-2.4375,-0.359375
1695722069824,0.64941406,-0.00592041,-0.6836548,-0.578125,-4.703125,0.859375
1695722069853,0.66137695,0.010437012,-0.64923096,3.15625,-5.6875,0.953125
1695722069898,0.6743164,0.007019043,-0.6519165,2.125,-3.96875,0.03125
1695722069944,0.6784668,0.011413574,-0.6592407,2.734375,-2.125,0.828125
1695722069973,0.67041016,-0.006164551,-0.9246216,9.625,-8.3125,0.296875
1695722070019,0.7434082,0.031677246,-0.56329346,2.671875,-8.921875,-3.046875
1695722070048,0.60668945,0.02557373,-0.473938,1.984375,0.4375,-0.9375
1695722070093,0.6633301,0.023132324,-0.5762329,1.078125,4.171875,1.015625
1695722070140,0.7011719,0.038513184,-0.63067627,-2.984375,8.984375,-0.53125
1695722070168,0.69921875,0.0099487305,-0.6765747,-3.640625,9.109375,-1.3125
1695722070214,0.6821289,0.027770996,-0.7005005,-0.1875,5.375,0.75
1695722070260,0.6542969,0.023864746,-0.6709595,-0.984375,0.078125,-0.203125
1695722070288,0.6538086,0.0211792,-0.6499634,-1.234375,-1.28125,-0.546875
1695722070334,0.6694336,0.032165527,-0.66070557,-1.4375,-1.0,-0.8125
1695722070364,0.70458984,0.019470215,-0.8340454,1.203125,-14.09375,-2.9375
1695722070408,0.6875,0.043395996,-0.55548096,3.953125,-9.34375,-8.203125
1695722070453,0.66748047,-0.0134887695,-0.4570923,1.015625,0.46875,-2.6875
1695722070488,0.6477051,-0.0115356445,-0.5303345,-4.390625,11.921875,0.296875
1695722070529,0.65185547,0.014099121,-0.6382446,-1.65625,15.78125,3.25
1695722070589,0.72509766,0.0446167,-0.79351807,-0.203125,3.890625,1.0
1695722070603,0.64453125,0.019470215,-0.659729,-2.421875,1.265625,-1.28125
1695722070648,0.65185547,0.010437012,-0.66119385,-1.453125,-0.125,-0.921875
1695722070678,0.64990234,0.0033569336,-0.65582275,-0.765625,-0.609375,-0.65625
1695722070724,0.6657715,0.020690918,-0.6824341,-1.09375,-1.140625,-0.375
1695722070769,0.73095703,0.01361084,-0.89678955,1.921875,-11.03125,-1.796875
1695722070797,0.7062988,0.03314209,-0.60894775,1.875,-6.796875,-5.0625
1695722070844,0.6230469,0.0004272461,-0.42266846,-0.453125,-0.96875,-0.5625
1695722070888,0.6594238,0.014587402,-0.6411743,-3.4375,16.65625,2.890625
1695722070919,0.66918945,0.022155762,-0.7090454,-2.390625,11.96875,1.078125
1695722070963,0.72021484,0.039733887,-0.8093872,-3.078125,2.96875,-0.78125
1695722070993,0.6394043,0.010437012,-0.66656494,-2.328125,-0.953125,-1.71875
1695722071039,0.6477051,-0.0005493164,-0.65826416,-2.015625,-0.859375,-1.53125
1695722071083,0.6411133,-0.0010375977,-0.661438,-0.265625,-0.609375,-0.171875
1695722071113,0.6557617,0.008972168,-0.6765747,0.40625,-0.71875,0.53125
1695722071159,0.68237305,0.01361084,-0.86431885,6.859375,-13.109375,-1.328125
1695722071206,0.66552734,0.023132324,-0.6699829,3.09375,-5.28125,-1.90625
1695722071233,0.58984375,-0.002746582,-0.46636963,-1.1875,3.828125,0.359375
1695722071278,0.65185547,0.02923584,-0.6687622,-3.1875,13.421875,2.453125
1695722071324,0.6789551,0.02142334,-0.71661377,-5.828125,7.34375,-1.875
1695722071353,0.6652832,0.014343262,-0.7493286,-4.171875,7.390625,-1.75
1695722071398,0.6376953,0.0072631836,-0.6914673,-1.90625,3.5625,-1.25
1695722071428,0.6101074,-0.012512207,-0.65093994,-0.90625,4.0625,0.03125
1695722071473,0.64819336,0.005554199,-0.71539307,2.765625,1.28125,1.6875
1695722071519,0.6369629,0.018493652,-0.6890259,1.59375,0.4375,1.421875
1695722071548,0.6401367,0.019714355,-0.690979,-0.140625,0.359375,0.28125
1695722071593,0.623291,0.014343262,-0.6655884,-1.46875,1.0,-0.6875
1695722071622,0.61987305,0.0067749023,-0.6675415,-3.203125,3.46875,-1.1875
1695722071669,0.6218262,0.009216309,-0.7090454,-3.25,1.546875,-0.953125
1695722071715,0.6269531,-0.00079345703,-0.69195557,-3.171875,1.3125,-0.984375
1695722071743,0.62524414,0.005065918,-0.6980591,-2.75,0.796875,-0.578125
1695722071788,0.6135254,-0.00030517578,-0.69317627,-1.515625,-0.390625,-0.171875
1695722071865,0.63549805,-0.0022583008,-0.71759033,-3.234375,0.203125,-0.890625
1695722071870,0.63256836,-0.008850098,-0.70928955,-2.203125,-0.65625,-0.671875
1695722071909,0.61499023,-0.0076293945,-0.68463135,-1.984375,-0.1875,-0.796875
1695722071939,0.6303711,-0.010803223,-0.6902466,-2.578125,0.625,-0.875
1695722071983,0.623291,-0.017150879,-0.68096924,-2.046875,0.8125,-0.296875
1695722072028,0.61938477,-0.0015258789,-0.6716919,-1.734375,1.46875,0.078125
1695722072058,0.63427734,-0.013244629,-0.7017212,-2.203125,0.453125,-0.15625
1695722072104,0.62524414,-0.0154418945,-0.69415283,-1.671875,-0.109375,-0.09375
1695722072148,0.6220703,-0.015686035,-0.70147705,-2.0625,-0.171875,-0.046875
1695722072178,0.6196289,-0.02130127,-0.6856079,-1.578125,-0.4375,0.109375
1695722072224,0.6286621,-0.021057129,-0.6904907,-1.4375,-0.390625,0.90625
1695722072301,0.6159668,-0.022521973,-0.6577759,-0.625,0.625,2.96875
1695722072306,0.63720703,-0.012756348,-0.74053955,-2.484375,-1.265625,2.875
1695722072344,0.6281738,-0.012023926,-0.68463135,0.015625,-2.375,0.8125
1695722072373,0.6394043,-0.010803223,-0.71099854,-1.4375,-0.875,-0.046875
1695722072418,0.64208984,-0.004211426,-0.704895,-1.09375,-1.90625,-0.671875
1695722072493,0.6281738,-0.014709473,-0.6765747,-0.515625,-2.203125,-0.5
1695722072499,0.6376953,-0.014465332,-0.68096924,-0.65625,-2.5,-0.375
1695722072538,0.640625,-0.008850098,-0.65704346,-0.046875,-2.984375,0.8125
1695722072569,0.6479492,-0.010314941,-0.6851196,-0.9375,-3.3125,0.5
1695722072614,0.6516113,-0.020080566,-0.66070557,-0.59375,-2.3125,1.4375
1695722072658,0.6335449,-0.0068969727,-0.66607666,-1.125,-3.484375,1.09375
1695722072687,0.6442871,-0.0076293945,-0.65045166,-0.484375,-1.09375,0.921875
1695722072734,0.642334,0.00018310547,-0.710022,-0.203125,-2.0625,0.40625
1695722072779,0.6477051,-0.004699707,-0.6404419,1.171875,-0.5,0.46875
1695722072808,0.6401367,0.0038452148,-0.64312744,2.015625,-1.375,0.765625
1695722072855,0.65356445,0.0099487305,-0.67144775,1.734375,-1.890625,0.640625
1695722072883,0.6645508,-0.0022583008,-0.659729,-1.703125,-2.65625,0.265625
1695722072928,0.6628418,0.001159668,-0.68536377,1.21875,-6.921875,0.65625
1695722072974,0.6948242,0.012634277,-0.6836548,1.515625,-4.140625,-0.46875
1695722073002,0.66845703,0.016784668,-0.6956177,1.71875,-2.421875,-0.8125
1695722073047,0.69628906,0.036071777,-0.7149048,11.765625,-22.78125,-3.734375
1695722073093,0.6882324,-0.007873535,-0.3809204,2.984375,-7.75,-4.84375
1695722073138,0.68408203,0.0021362305,-0.47174072,-0.6875,2.015625,-1.71875
1695722073169,0.6611328,-0.0020141602,-0.53570557,-1.0625,9.578125,0.75
1695722073198,0.7006836,0.028503418,-0.6489868,-5.765625,13.34375,-0.640625
1695722073243,0.69799805,0.015563965,-0.6983032,-3.15625,9.421875,0.5
1695722073288,0.7126465,0.028015137,-0.7424927,-0.3125,2.515625,0.96875
1695722073318,0.6479492,0.016540527,-0.6604614,0.234375,0.453125,0.609375
1695722073363,0.66015625,0.014343262,-0.65460205,-0.53125,-1.078125,-0.3125
1695722073392,0.66186523,0.020935059,-0.71539307,-1.625,-2.546875,-1.375
1695722073439,0.7285156,0.046325684,-0.79571533,10.578125,-20.15625,-2.921875
1695722073484,0.68725586,-0.0256958,-0.5745239,3.5625,0.234375,-6.140625
1695722073513,0.67041016,-0.022033691,-0.54766846,-2.484375,5.546875,0.125
1695722073559,0.6713867,0.018981934,-0.6021118,-3.984375,17.5625,3.09375
1695722073604,0.7241211,0.030944824,-0.77471924,-3.09375,10.609375,2.828125
1695722073632,0.70336914,0.043640137,-0.7263794,-1.1875,4.328125,0.65625
1695722073679,0.64624023,0.014099121,-0.68096924,-2.25,0.59375,-1.140625
1695722073708,0.6442871,0.0065307617,-0.64801025,-1.734375,-1.171875,-1.109375
1695722073753,0.6647949,0.008972168,-0.65826416,-1.0,0.03125,-0.234375
1695722073798,0.66748047,0.018249512,-0.80548096,-0.984375,-5.515625,-1.71875
1695722073828,0.7409668,0.043884277,-0.5877075,5.484375,-18.796875,-4.5
1695722073873,0.6328125,-0.04937744,-0.47003174,2.515625,1.609375,-1.703125
1695722073918,0.5942383,0.009460449,-0.425354,-1.625,10.0,2.046875
1695722073948,0.7023926,0.030212402,-0.69073486,-4.375,13.671875,2.671875
1695722073995,0.70458984,0.04901123,-0.72198486,-2.453125,6.5,1.390625
1695722074023,0.6796875,0.02166748,-0.7312622,-3.0,1.375,-2.015625
1695722074068,0.64086914,0.010925293,-0.65093994,-2.03125,-0.921875,-2.125
1695722074114,0.6591797,-0.010314941,-0.661438,-1.515625,1.203125,-0.78125
1695722074144,0.6652832,0.0099487305,-0.6670532,0.171875,-1.6875,0.203125
1695722074191,0.69091797,0.01751709,-0.8562622,2.140625,-9.3125,-0.640625
1695722074234,0.68530273,0.02532959,-0.55596924,0.71875,-6.8125,-0.515625
1695722074263,0.6118164,0.0040893555,-0.41583252,-2.5,7.421875,2.234375
1695722074311,0.6154785,0.045837402,-0.6602173,-1.953125,14.421875,3.234375
1695722074338,0.6821289,0.024108887,-0.72784424,-4.171875,9.59375,-0.046875
1695722074384,0.67749023,0.0211792,-0.75006104,-2.75,6.453125,-0.953125
1695722074428,0.6357422,0.008239746,-0.7036743,-3.1875,3.5625,-1.828125
1695722074457,0.6254883,-0.0029907227,-0.6819458,-2.578125,2.234375,-1.46875
1695722074504,0.626709,0.0004272461,-0.6865845,-1.0,0.75,-0.015625
1695722074548,0.6447754,0.0067749023,-0.70977783,-0.640625,0.765625,-0.015625
1695722074579,0.6333008,0.004333496,-0.67974854,0.25,0.0,0.5
1695722074623,0.63012695,0.0040893555,-0.69000244,-1.0,-0.390625,0.125
1695722074653,0.62768555,0.0038452148,-0.68463135,-1.25,-0.0625,-0.296875
1695722074701,0.6281738,0.005065918,-0.66290283,-2.34375,0.96875,-0.90625
1695722074745,0.6274414,-0.003479004,-0.69366455,-3.234375,2.015625,-1.3125
1695722074775,0.623291,0.001159668,-0.67755127,-2.421875,1.75,-1.1875
1695722074818,0.63256836,-0.014221191,-0.7102661,-1.546875,0.4375,-0.578125
1695722074864,0.6262207,-0.008361816,-0.68585205,-0.046875,-0.25,0.125
1695722074892,0.6347656,-0.0022583008,-0.6975708,-0.796875,-0.078125,0.046875
1695722074939,0.63256836,0.0026245117,-0.69244385,-1.4375,-0.5625,-0.1875
1695722074967,0.6381836,-0.0068969727,-0.6890259,-1.703125,-0.21875,-0.578125
1695722075014,0.6191406,-0.012512207,-0.673645,-1.453125,-1.125,0.015625
1695722075059,0.63061523,0.00091552734,-0.68585205,-1.71875,0.046875,-0.078125
1695722075088,0.6345215,-0.015197754,-0.71710205,-2.5,0.65625,-0.71875
1695722075133,0.62231445,-0.0064086914,-0.6819458,-0.921875,2.15625,-0.203125
1695722075178,0.61743164,-0.00030517578,-0.68463135,0.34375,2.984375,0.28125
1695722075208,0.6225586,-0.004699707,-0.69537354,0.078125,2.6875,-0.046875
1695722075255,0.6218262,-0.008361816,-0.70147705,-1.484375,1.84375,-0.59375
1695722075283,0.6176758,-0.010803223,-0.69317627,-2.453125,1.28125,-0.28125
1695722075329,0.62646484,-0.012023926,-0.69366455,-3.3125,0.921875,-0.046875
1695722075373,0.6135254,-0.016418457,-0.7024536,-3.3125,0.140625,-0.3125
1695722075403,0.61865234,-0.014465332,-0.7029419,-3.421875,0.125,-0.875
1695722075448,0.6208496,-0.014953613,-0.7041626,-2.671875,-1.125,-0.09375
1695722075494,0.625,-0.022033691,-0.6802368,-2.625,-1.8125,0.609375
1695722075522,0.6477051,-0.047424316,-0.678772,-5.859375,-3.578125,2.28125
1695722075570,0.6311035,-0.015930176,-0.7288208,-4.40625,-3.15625,1.5625
1695722075598,0.6315918,-0.038391113,-0.6526489,-1.578125,-5.1875,2.59375
1695722075644,0.6411133,-0.016662598,-0.7102661,-2.140625,-1.578125,1.375
1695722075704,0.6281738,-0.024230957,-0.68341064,-2.203125,-2.609375,-0.1875
1695722075718,0.6479492,-0.023254395,-0.67852783,-1.5,-2.625,0.0
1695722075764,0.65625,-0.021057129,-0.6860962,-1.578125,-3.171875,-0.21875
1695722075808,0.63256836,-0.030090332,-0.6436157,1.890625,-3.34375,0.78125
1695722075837,0.6447754,-0.0154418945,-0.64678955,3.90625,-0.84375,1.171875
1695722075883,0.6430664,-0.020568848,-0.65826416,1.078125,-1.359375,0.328125
1695722075913,0.63623047,-0.019592285,-0.64849854,3.8125,-0.578125,1.65625
1695722075959,0.6472168,-0.00079345703,-0.66363525,4.390625,-3.359375,1.609375
1695722076003,0.6479492,-0.0020141602,-0.6326294,0.921875,-6.328125,0.9375
1695722076033,0.67211914,-0.008361816,-0.6873169,-0.828125,-9.5,1.21875
1695722076079,0.69628906,0.008972168,-0.65216064,1.78125,-10.15625,0.109375
1695722076155,0.71777344,0.013122559,-0.6777954,-0.40625,-10.328125,-1.484375
1695722076159,0.6879883,0.004333496,-0.6182251,0.359375,-9.609375,-0.5
1695722076198,0.73291016,-0.007873535,-0.8792114,-0.203125,-10.9375,-1.28125
1695722076228,0.7705078,0.054382324,-0.47369385,12.15625,-26.71875,-4.296875
1695722076273,0.62109375,-0.014709473,-0.52008057,1.890625,-1.078125,-3.515625
1695722076321,0.71362305,-0.009094238,-0.51812744,-0.515625,4.125,-1.1875
1695722076348,0.73583984,0.015319824,-0.55059814,-1.03125,9.46875,-0.28125
1695722076394,0.75683594,-0.011047363,-0.5696411,-4.390625,17.203125,0.515625
1695722076440,0.7084961,0.00970459,-0.7029419,-3.015625,13.21875,1.984375
1695722076468,0.71533203,0.0119018555,-0.6499634,-0.984375,3.234375,0.328125
1695722076514,0.6791992,0.006286621,-0.6213989,-0.21875,0.109375,0.0625
1695722076589,0.6791992,0.003112793,-0.600647,-0.125,-0.421875,0.0
1695722076593,0.6870117,0.00970459,-0.69244385,-0.59375,-0.78125,-0.234375
1695722076637,0.75097656,0.059020996,-0.7805786,11.265625,-23.71875,-2.609375
1695722076663,0.7702637,0.01727295,-0.42071533,4.53125,11.171875,-9.671875
1695722076709,0.6921387,-0.027648926,-0.4685669,-1.625,10.609375,-0.390625
1695722076784,0.7097168,0.026794434,-0.65338135,-4.390625,18.609375,1.59375
1695722076790,0.69555664,0.0038452148,-0.68829346,-5.109375,16.46875,0.640625
1695722076830,0.7297363,0.017028809,-0.7439575,-1.15625,2.4375,0.96875
1695722076858,0.65405273,-0.002746582,-0.6663208,-2.1875,-1.921875,-1.53125
1695722076904,0.65527344,0.005065918,-0.63238525,-0.1875,-2.296875,-0.25
1695722076949,0.6611328,-0.004211426,-0.6470337,-0.03125,-1.234375,0.03125
1695722076978,0.6599121,0.013366699,-0.75128174,-0.703125,-2.21875,-0.0625
1695722077024,0.7553711,0.027526855,-0.51763916,10.390625,-23.515625,-4.859375
1695722077068,0.5744629,-0.059387207,-0.45343018,-0.5625,2.515625,0.328125
1695722077097,0.70410156,-0.0051879883,-0.7041626,-5.5,13.953125,4.359375
1695722077144,0.6669922,0.018493652,-0.61798096,-6.34375,13.90625,0.53125
1695722077173,0.67163086,0.006286621,-0.70196533,-3.890625,9.671875,-0.28125
1695722077218,0.6677246,0.004333496,-0.69976807,-2.84375,7.28125,-0.59375
1695722077264,0.65283203,0.001159668,-0.677063,-1.796875,3.796875,-1.359375
1695722077293,0.6386719,-0.0071411133,-0.6692505,-1.109375,2.53125,-0.59375
1695722077342,0.6455078,-0.0029907227,-0.6758423,0.125,2.125,0.328125
1695722077384,0.63916016,0.0038452148,-0.6795044,0.9375,1.390625,0.96875
1695722077412,0.6364746,0.01361084,-0.67266846,0.40625,3.0,1.3125
1695722077459,0.64501953,0.0026245117,-0.6777954,-2.734375,4.96875,0.625
1695722077488,0.6320801,0.012878418,-0.68536377,-2.96875,3.046875,-0.609375
1695722077533,0.6279297,-0.0010375977,-0.68756104,-3.28125,3.609375,-1.265625
1695722077578,0.62158203,-0.002746582,-0.67926025,-3.359375,3.65625,-0.859375
1695722077607,0.63720703,-0.006164551,-0.7227173,-3.859375,2.765625,-0.953125
1695722077652,0.6064453,-0.01739502,-0.69488525,-2.078125,0.671875,-0.546875
1695722077684,0.6296387,-0.01373291,-0.7185669,-3.09375,1.328125,-0.5625
1695722077729,0.6237793,-0.011779785,-0.70635986,-3.1875,-1.421875,0.0625
1695722077773,0.6022949,-0.014709473,-0.67266846,-3.25,-0.390625,0.15625
1695722077803,0.62890625,-0.013977051,-0.6914673,-3.875,1.46875,0.71875
1695722077849,0.63183594,-0.026916504,-0.69781494,-4.03125,-0.046875,2.03125
1695722077894,0.64501953,-0.02545166,-0.7214966,-3.390625,-1.09375,1.984375
1695722077923,0.61572266,-0.006652832,-0.68878174,-2.1875,-0.71875,0.40625
1695722077984,0.6245117,-0.023254395,-0.69903564,-1.296875,-1.53125,0.578125
1695722077998,0.6281738,-0.029846191,-0.7139282,-1.046875,-1.5,0.234375
1695722078044,0.6345215,-0.022033691,-0.7024536,-0.546875,-2.3125,-0.328125
1695722078088,0.63061523,-0.026672363,-0.6968384,-0.1875,-1.734375,-0.046875
1695722078118,0.62060547,-0.01763916,-0.65753174,0.265625,-2.234375,0.125
1695722078164,0.62890625,-0.020080566,-0.65509033,2.484375,0.078125,1.453125
1695722078209,0.6447754,-0.011047363,-0.7202759,0.3125,-0.09375,0.75
1695722078268,0.6520996,-0.012268066,-0.7127075,0.078125,1.046875,0.578125
1695722078283,0.6599121,-0.016662598,-0.68218994,0.515625,-2.03125,1.9375
1695722078313,0.6455078,-0.008361816,-0.7061157,0.859375,-3.703125,1.375
1695722078361,0.63720703,-0.0032348633,-0.6655884,0.25,-3.53125,0.65625
1695722078403,0.638916,0.006286621,-0.63946533,-1.015625,-5.453125,-0.046875
1695722078433,0.6386719,-0.0022583008,-0.6392212,0.78125,-2.5625,0.203125
1695722078487,0.6401367,-0.0025024414,-0.6338501,1.5,-0.96875,0.375
1695722078522,0.6425781,0.0036010742,-0.6043091,4.359375,-1.1875,1.484375
1695722078552,0.64868164,0.012634277,-0.7102661,0.40625,-6.65625,1.15625
1695722078598,0.6730957,0.004333496,-0.65216064,-1.796875,-9.25,0.484375
1695722078628,0.6425781,0.0072631836,-0.60406494,0.046875,-6.859375,2.390625
1695722078674,0.7390137,0.031433105,-0.7078247,1.765625,-2.046875,1.640625
1695722078719,0.67211914,0.02166748,-0.65948486,0.671875,-3.90625,0.125
1695722078748,0.6796875,0.026794434,-0.7227173,8.90625,-9.21875,-1.53125
1695722078794,0.7270508,0.053649902,-0.5730591,2.5,-13.40625,-7.703125
1695722078839,0.6459961,-0.003967285,-0.53619385,0.53125,-6.03125,-5.265625
1695722078869,0.6906738,-0.0012817383,-0.5581665,-0.640625,2.109375,-0.921875
1695722078915,0.7116699,-0.00079345703,-0.5772095,-3.984375,8.3125,-1.125
1695722078944,0.6911621,0.0036010742,-0.6404419,-0.75,10.671875,1.734375
1695722078988,0.7072754,0.031433105,-0.6851196,1.125,4.296875,1.828125
1695722079034,0.6796875,0.029968262,-0.64971924,-0.28125,1.703125,0.53125
1695722079063,0.6660156,0.019470215,-0.6248169,-0.546875,0.59375,0.203125
1695722079108,0.6760254,0.026550293,-0.63848877,-0.59375,0.265625,-0.28125
1695722079154,0.6936035,0.02557373,-0.7649536,2.625,-14.171875,-1.984375
1695722079182,0.69384766,0.059509277,-0.5408325,7.03125,-7.109375,-8.078125
1695722079228,0.64575195,-0.0076293945,-0.48687744,2.484375,0.1875,-3.265625
1695722079257,0.65527344,0.005065918,-0.49493408,-1.875,12.0625,0.828125
1695722079304,0.6760254,0.02166748,-0.63946533,-2.140625,10.421875,1.65625
1695722079348,0.73339844,0.03656006,-0.74053955,-0.375,7.75,1.859375
1695722079378,0.6660156,0.028015137,-0.66241455,-2.171875,2.09375,-0.828125
1695722079425,0.6711426,0.01751709,-0.6482544,-1.671875,0.125,-1.125
1695722079469,0.65844727,0.020690918,-0.644104,-1.15625,-0.421875,-0.84375
1695722079498,0.66430664,0.031921387,-0.7070923,-2.125,-1.359375,-1.265625
1695722079559,0.7089844,0.03289795,-0.67559814,5.234375,-14.890625,-2.484375
1695722079573,0.64941406,0.0060424805,-0.458313,-1.25,6.078125,-0.875
1695722079620,0.6616211,-0.011291504,-0.5889282,-4.96875,14.546875,0.0625
1695722079664,0.67749023,0.027526855,-0.65948486,-2.328125,9.015625,0.6875
1695722079692,0.64941406,0.01751709,-0.66607666,-1.390625,8.28125,1.125
1695722079739,0.66015625,0.028259277,-0.7241821,-2.96875,5.65625,-0.421875
1695722079784,0.66674805,0.020935059,-0.7085571,-2.84375,3.640625,-1.453125
1695722079813,0.63549805,0.0048217773,-0.67437744,-2.59375,2.421875,-1.6875
1695722079858,0.63623047,0.0048217773,-0.6704712,-0.9375,1.78125,-0.65625
1695722079887,0.63720703,0.0048217773,-0.68707275,-0.640625,1.421875,-0.125
1695722079933,0.63378906,0.010437012,-0.6709595,-0.875,1.5625,-0.03125
1695722079978,0.6452637,0.003112793,-0.67974854,-2.859375,3.234375,-0.6875
1695722080008,0.6425781,0.0033569336,-0.6963501,-3.3125,2.8125,-0.328125
1695722080053,0.62475586,0.0067749023,-0.70269775,-2.328125,1.09375,-0.71875
1695722080099,0.62109375,0.0038452148,-0.68536377,-1.640625,-0.1875,-1.015625
1695722080128,0.6291504,-0.0022583008,-0.68341064,-1.875,1.03125,-0.734375
1695722080173,0.63012695,-0.006652832,-0.6980591,-2.546875,0.625,-0.921875
1695722080202,0.6254883,-0.010314941,-0.68463135,-1.46875,0.15625,-0.140625
1695722080248,0.6130371,-0.00592041,-0.6712036,-1.765625,-1.046875,-0.359375
1695722080294,0.63183594,-0.006164551,-0.6831665,-2.40625,0.75,-0.4375
1695722080323,0.6308594,-0.008361816,-0.69073486,-2.421875,0.671875,-0.328125
1695722080371,0.62719727,-0.012756348,-0.68341064,-2.046875,0.515625,0.171875
1695722080445,0.6286621,-0.012512207,-0.690979,-2.359375,-0.453125,0.3125
1695722080451,0.6196289,-0.013000488,-0.6824341,-1.28125,-0.078125,0.4375
1695722080489,0.63305664,-0.013244629,-0.6880493,-1.703125,-0.9375,0.015625
1695722080520,0.6333008,-0.008605957,-0.68756104,-1.078125,-1.734375,0.640625
1695722080563,0.63256836,-0.008605957,-0.6934204,-0.953125,-2.59375,0.921875
1695722080608,0.638916,-0.008605957,-0.6814575,-0.46875,-3.140625,0.234375
1695722080638,0.6437988,-0.011047363,-0.69903564,-0.921875,-2.859375,-0.6875
1695722080684,0.6437988,-0.0115356445,-0.6873169,0.359375,-2.359375,-0.078125
1695722080728,0.6491699,-0.0044555664,-0.68341064,0.03125,-2.8125,0.375
1695722080757,0.6352539,-0.0051879883,-0.6277466,0.171875,-3.421875,0.890625
1695722080849,0.6413574,-0.0068969727,-0.6560669,0.515625,-1.734375,0.875
1695722080880,0.6599121,0.002380371,-0.69781494,-0.75,-0.953125,0.65625
1695722080886,0.6501465,-0.0049438477,-0.64630127,1.40625,-0.484375,1.8125
1695722080924,0.64746094,0.0099487305,-0.6604614,-0.953125,-1.890625,0.578125
1695722080954,0.65771484,0.0045776367,-0.6626587,-0.390625,-0.21875,0.984375
1695722080998,0.6503906,0.0014038086,-0.6355591,1.671875,-1.640625,1.078125
1695722081074,0.65185547,0.010192871,-0.6748657,2.46875,-1.84375,2.578125
1695722081079,0.657959,0.022155762,-0.6760864,2.296875,-4.84375,1.984375
1695722081118,0.67333984,0.020202637,-0.6499634,-1.859375,-6.828125,1.296875
1695722081148,0.6828613,0.019958496,-0.67852783,-2.328125,-11.25,0.265625
1695722081194,0.67578125,0.016296387,-0.6494751,0.515625,-11.546875,-1.171875
1695722081238,0.7595215,0.028503418,-0.83062744,4.234375,-13.796875,-2.6875
1695722081267,0.68847656,0.012145996,-0.3899536,9.3125,-19.953125,-4.59375
1695722081313,0.6689453,0.011169434,-0.520813,-0.75,-1.359375,-3.21875
1695722081359,0.74780273,0.010925293,-0.585022,-2.5,4.703125,-2.953125
1695722081388,0.7128906,-0.011047363,-0.54107666,-3.25,11.765625,-1.328125
1695722081433,0.6867676,0.005065918,-0.62750244,-1.59375,14.59375,2.265625
1695722081462,0.7109375,0.0099487305,-0.663147,0.3125,5.75,1.578125
1695722081510,0.6904297,0.028503418,-0.6585083,0.15625,4.0625,1.34375
1695722081554,0.6772461,0.020690918,-0.65411377,-0.5,-0.34375,0.40625
1695722081583,0.6879883,0.005554199,-0.82354736,1.96875,-13.203125,-2.0625
1695722081628,0.68969727,0.0770874,-0.54156494,8.890625,-13.8125,-8.984375
1695722081673,0.67578125,-0.047424316,-0.46466064,2.0625,-0.421875,-5.703125
1695722081703,0.64990234,-0.007873535,-0.48760986,-5.25,8.84375,-0.078125
1695722081748,0.71899414,0.024108887,-0.6123657,-3.609375,14.453125,1.3125
1695722081778,0.72094727,0.031921387,-0.7227173,-0.75,9.484375,3.609375
1695722081823,0.67749023,0.023864746,-0.69000244,-1.40625,0.421875,-0.234375
1695722081871,0.6855469,0.011657715,-0.63360596,-1.9375,-0.875,-1.1875
1695722081897,0.6813965,0.0099487305,-0.62945557,-1.015625,-0.15625,-0.671875
1695722081943,0.69873047,0.019958496,-0.7612915,-1.4375,-5.203125,-1.59375
1695722081972,0.7163086,0.046813965,-0.58062744,6.609375,-18.09375,-4.0625
1695722082018,0.66308594,-0.06427002,-0.51397705,-2.265625,7.71875,-1.625
1695722082064,0.70874023,-0.01739502,-0.6062622,-3.453125,14.125,1.609375
1695722082108,0.6586914,0.019226074,-0.6084595,-2.265625,16.734375,2.6875
1695722082137,0.6916504,0.02557373,-0.73809814,-2.421875,11.03125,0.734375
1695722082184,0.6809082,0.012145996,-0.70684814,-2.015625,4.90625,-1.09375
1695722082214,0.6640625,0.007507324,-0.67681885,-1.75,1.921875,-1.046875
1695722082259,0.6672363,0.008728027,-0.66119385,-1.859375,2.203125,-0.875
1695722082288,0.64624023,0.00091552734,-0.6675415,-0.96875,1.3125,-0.03125
1695722082334,0.65234375,0.005065918,-0.6699829,-0.703125,1.765625,0.0625
1695722082380,0.6496582,0.009460449,-0.66290283,-0.671875,1.75,0.15625
1695722082407,0.6452637,0.012390137,-0.67266846,-1.078125,1.484375,-0.28125
1695722082453,0.65478516,0.0028686523,-0.6729126,-1.609375,1.25,-0.484375
1695722082498,0.65185547,0.0040893555,-0.6694946,-2.046875,1.03125,-0.46875
1695722082529,0.6479492,0.0040893555,-0.6651001,-2.09375,1.125,-0.328125
1695722082573,0.6479492,-0.00079345703,-0.6646118,-3.046875,2.21875,-0.375
1695722082603,0.64160156,-0.0076293945,-0.678772,-3.109375,2.671875,-0.4375
1695722082649,0.65405273,-0.006652832,-0.6873169,-1.9375,0.625,0.015625
1695722082694,0.6418457,-0.0015258789,-0.6963501,-2.984375,0.21875,-0.453125
1695722082724,0.6333008,-0.012756348,-0.6592407,-1.0625,0.390625,0.0625
1695722082772,0.64282227,-0.003967285,-0.66485596,-0.796875,0.140625,0.28125
1695722082813,0.64282227,-0.0071411133,-0.6682739,-0.9375,-0.578125,0.0625
1695722082843,0.64208984,-0.0071411133,-0.678772,-2.484375,1.421875,-0.296875
1695722082888,0.6345215,-0.01373291,-0.67559814,-2.375,1.515625,0.109375
1695722082919,0.64086914,-0.014221191,-0.68170166,-2.125,1.03125,0.09375
1695722082963,0.6347656,-0.019836426,-0.6777954,-2.359375,0.84375,0.40625
1695722083009,0.6328125,-0.002746582,-0.69073486,-1.21875,0.40625,0.265625
1695722083037,0.6364746,-0.015197754,-0.68414307,-0.75,-0.375,0.625
1695722083083,0.64208984,-0.00982666,-0.6904907,-1.5625,-1.25,0.71875
1695722083131,0.6359863,-0.019592285,-0.6651001,-1.46875,-1.078125,0.28125
1695722083158,0.6455078,-0.015197754,-0.67755127,-1.84375,-1.15625,0.15625
1695722083204,0.64746094,-0.016418457,-0.68878174,-0.453125,-0.15625,0.421875
1695722083233,0.6467285,-0.008117676,-0.68634033,-0.5,-0.96875,0.453125
1695722083279,0.65478516,-0.013000488,-0.70318604,-2.359375,-0.234375,0.3125
1695722083323,0.6455078,-0.019104004,-0.6502075,-1.0,-3.71875,1.125
1695722083399,0.63500977,-0.014465332,-0.6519165,-0.28125,-0.625,0.84375
1695722083404,0.66137695,-0.008117676,-0.6917114,-0.171875,-1.96875,0.46875
1695722083445,0.6411133,-0.014221191,-0.6152954,3.40625,-3.9375,1.890625
1695722083477,0.6647949,0.0021362305,-0.65875244,5.0625,-1.484375,2.6875
1695722083519,0.6196289,0.005065918,-0.6174927,7.75,-5.34375,3.71875
1695722083549,0.68774414,0.022888184,-0.72491455,-2.0,-11.75,1.640625
1695722083594,0.7001953,0.02166748,-0.694397,-0.71875,-9.625,0.390625
1695722083639,0.7109375,0.025817871,-0.65997314,1.4375,-5.53125,0.203125
1695722083668,0.69970703,0.027526855,-0.753479,0.859375,-3.734375,-1.140625
1695722083713,0.7072754,0.05340576,-0.5725708,11.9375,-24.71875,-6.546875
1695722083759,0.64501953,-0.0032348633,-0.40338135,-3.1875,3.34375,-4.609375
1695722083788,0.7324219,0.007019043,-0.53863525,-4.203125,11.921875,-1.3125
1695722083834,0.70703125,0.0067749023,-0.61505127,-1.734375,14.0625,0.71875
1695722083863,0.70166016,0.010192871,-0.66363525,-1.125,13.4375,1.234375
1695722083908,0.7104492,0.027038574,-0.6946411,-0.28125,5.28125,1.21875
1695722083954,0.6882324,0.027526855,-0.7022095,-0.0625,0.6875,0.515625
1695722083982,0.65234375,0.015808105,-0.6380005,-0.71875,-1.46875,-0.265625
1695722084028,0.6689453,0.024841309,-0.6577759,-1.390625,-1.9375,-0.78125
1695722084073,0.7019043,0.023132324,-0.7642212,3.265625,-21.703125,-3.796875
1695722084102,0.7084961,0.043884277,-0.45147705,4.59375,-9.578125,-8.3125
1695722084149,0.6838379,-0.042541504,-0.50128174,-0.578125,1.375,-1.25
1695722084178,0.7116699,0.010925293,-0.59381104,-3.109375,16.484375,3.265625
1695722084223,0.7019043,0.028503418,-0.6917114,-1.6875,9.875,2.46875
1695722084267,0.69799805,0.042907715,-0.708313,-1.078125,3.40625,1.109375
1695722084298,0.66381836,0.02557373,-0.6526489,-2.171875,0.78125,-1.046875
1695722084345,0.67163086,0.018981934,-0.6460571,-1.46875,-0.765625,-0.96875
1695722084391,0.6801758,0.018981934,-0.6592407,-1.484375,-0.71875,-1.09375
1695722084418,0.6862793,0.019470215,-0.84942627,1.28125,-12.984375,-3.171875
1695722084464,0.67749023,0.032409668,-0.35186768,5.984375,-12.953125,-5.90625
1695722084493,0.6203613,0.003112793,-0.4685669,-0.859375,3.4375,0.390625
1695722084539,0.68847656,0.0033569336,-0.66363525,-3.109375,18.96875,3.65625
1695722084583,0.6833496,0.021911621,-0.6616821,-3.765625,13.1875,0.828125
1695722084612,0.6804199,0.018737793,-0.71954346,-4.109375,11.09375,-0.828125
1695722084674,0.6467285,-0.0020141602,-0.6826782,-2.578125,4.546875,-1.265625
1695722084735,0.6516113,-0.0032348633,-0.6951294,-2.328125,3.328125,-0.734375
1695722084741,0.6442871,0.0038452148,-0.68878174,-0.828125,1.953125,0.109375
1695722084778,0.6484375,0.009216309,-0.68536377,-0.25,0.734375,0.09375
1695722084808,0.64160156,-0.00030517578,-0.6694946,-0.359375,-0.25,0.234375
1695722084855,0.63427734,-0.0010375977,-0.6951294,-2.421875,1.015625,-0.59375
1695722084899,0.63720703,0.0067749023,-0.6511841,-2.921875,2.296875,-0.5625
1695722084927,0.6315918,0.001159668,-0.6758423,-2.921875,2.890625,-0.828125
1695722084973,0.6345215,-0.0044555664,-0.6782837,-2.25,2.90625,-0.71875
1695722085019,0.640625,-0.009338379,-0.6917114,-2.203125,2.75,-0.359375
1695722085048,0.6418457,-0.002746582,-0.6980591,-2.203125,1.046875,-0.4375
1695722085093,0.6347656,-0.008850098,-0.6968384,-2.40625,0.625,-0.578125
1695722085170,0.62402344,-0.014221191,-0.68634033,-1.875,0.25,-0.015625
1695722085175,0.6340332,-0.007385254,-0.69195557,-1.40625,-0.234375,0.03125
1695722085215,0.6308594,-0.010314941,-0.69659424,-1.890625,-0.78125,-0.421875
1695722085245,0.6296387,-0.007385254,-0.6799927,-1.59375,-0.109375,-0.40625
1695722085288,0.6274414,-0.009338379,-0.67974854,-1.046875,-0.34375,-0.28125
1695722085364,0.6262207,-0.012512207,-0.6782837,-0.84375,-0.796875,0.3125
1695722085371,0.6401367,-0.0022583008,-0.68756104,-1.390625,-0.3125,0.328125
1695722085408,0.63183594,-0.007385254,-0.68218994,-1.484375,-1.796875,0.609375
1695722085438,0.6220703,-0.012268066,-0.67559814,-1.875,-0.296875,0.125
1695722085483,0.64404297,-0.014465332,-0.6843872,-2.078125,-0.453125,0.0625
1695722085529,0.63842773,-0.009094238,-0.69537354,-1.984375,-1.046875,-0.015625
1695722085559,0.6496582,-0.020080566,-0.69366455,0.03125,-2.3125,-0.71875
1695722085604,0.63842773,-0.014709473,-0.67266846,2.875,-2.234375,0.71875
1695722085648,0.6369629,-0.0044555664,-0.6543579,2.171875,-3.078125,0.796875
1695722085678,0.6425781,-0.012512207,-0.6609497,0.640625,-1.765625,0.734375
1695722085725,0.6452637,0.0033569336,-0.67022705,0.5,-2.9375,0.828125
1695722085753,0.6525879,-0.014221191,-0.63409424,-0.015625,-3.859375,0.828125
1695722085798,0.6477051,0.010681152,-0.66729736,-0.828125,-0.578125,1.8125
1695722085843,0.65405273,-0.004699707,-0.6514282,-1.359375,-0.9375,-0.015625
1695722085873,0.6623535,0.0018920898,-0.63360596,1.1875,-4.390625,3.546875
1695722085950,0.6574707,0.012878418,-0.7012329,-1.765625,-9.640625,2.609375
1695722085962,0.6940918,0.008483887,-0.68707275,-2.234375,-7.890625,-0.359375
1695722085993,0.6879883,0.0021362305,-0.6487427,1.296875,-7.125,0.0
1695722086039,0.6862793,0.012634277,-0.647522,2.40625,-4.484375,0.359375
1695722086085,0.6816406,0.015563965,-0.7324829,4.21875,-6.421875,-1.28125
1695722086113,0.71069336,0.019470215,-0.50494385,12.203125,-24.234375,-3.828125
1695722086158,0.6647949,0.020690918,-0.5005493,-1.734375,5.28125,-3.671875
1695722086187,0.71362305,0.0028686523,-0.600647,-2.953125,11.171875,-1.765625
1695722086233,0.72387695,0.007019043,-0.5828247,-2.15625,11.96875,0.03125
1695722086262,0.7314453,0.0048217773,-0.645813,-3.6875,14.671875,0.25
1695722086308,0.68188477,0.015808105,-0.69317627,-0.015625,5.390625,1.90625
1695722086353,0.6875,0.018981934,-0.6565552,-0.59375,0.75,0.046875
1695722086382,0.67578125,0.0067749023,-0.65411377,-0.046875,-0.359375,0.15625
1695722086430,0.6530762,0.0138549805,-0.630188,-0.34375,-2.09375,-0.234375
1695722086473,0.6821289,0.01727295,-0.7337036,-2.453125,-3.953125,-1.96875
1695722086503,0.70996094,0.0368042,-0.6799927,6.046875,-22.71875,-5.140625
1695722086548,0.6254883,-0.024719238,-0.48101807,1.046875,0.75,-4.09375
1695722086578,0.66552734,-0.014953613,-0.4824829,-4.34375,11.96875,-0.390625
1695722086623,0.68359375,0.010925293,-0.62994385,-3.234375,15.8125,2.09375
1695722086669,0.69873047,0.0211792,-0.72491455,-2.421875,8.140625,0.53125
1695722086698,0.6816406,0.008728027,-0.71295166,-1.84375,3.515625,-1.046875
1695722086744,0.6694336,-0.0017700195,-0.6658325,-2.1875,1.4375,-1.34375
1695722086791,0.64697266,-0.0029907227,-0.64312744,-0.46875,-0.125,-0.234375
1695722086818,0.66674805,0.0006713867,-0.65802,0.28125,-1.4375,0.125
1695722086863,0.68188477,0.016540527,-0.7908325,0.140625,-8.8125,-1.421875
1695722086892,0.7023926,0.03289795,-0.5054321,6.265625,-18.53125,-3.6875
1695722086939,0.60546875,-0.03765869,-0.550354,-2.359375,0.9375,-0.796875
1695722086984,0.66796875,0.008483887,-0.60772705,-2.890625,16.671875,1.6875
1695722087013,0.68359375,0.003112793,-0.67755127,-4.71875,12.640625,0.03125
1695722087058,0.66381836,0.013366699,-0.68878174,-3.625,10.5,-0.28125
1695722087104,0.6647949,-0.0071411133,-0.69000244,-2.875,4.734375,-1.15625
1695722087132,0.63916016,-0.004699707,-0.6692505,-1.625,3.046875,-0.671875
1695722087178,0.64453125,-0.010070801,-0.67633057,-0.515625,2.84375,0.078125
1695722087238,0.64282227,-0.0010375977,-0.67633057,0.3125,2.40625,0.921875
1695722087253,0.6455078,0.001159668,-0.67974854,-0.078125,1.59375,0.484375
1695722087299,0.6425781,0.0028686523,-0.6814575,-0.765625,1.328125,0.390625
1695722087328,0.64282227,-0.0005493164,-0.6694946,-1.25,0.59375,-0.1875
1695722087374,0.63842773,-0.006164551,-0.6658325,-2.296875,1.453125,-0.171875
1695722087419,0.6452637,-0.008117676,-0.7012329,-2.484375,1.953125,-0.609375
1695722087448,0.64624023,-0.0010375977,-0.7144165,-2.484375,0.421875,-0.390625
1695722087494,0.65649414,-0.0095825195,-0.71343994,-2.515625,-1.65625,-1.625
1695722087523,0.6335449,-0.013000488,-0.6807251,-2.734375,-1.03125,-1.609375
1695722087568,0.6152344,-0.020568848,-0.642395,-2.328125,-1.71875,-0.90625
1695722087614,0.6340332,-0.0134887695,-0.65753174,-1.109375,-0.578125,-0.296875
1695722087643,0.642334,-0.021057129,-0.6712036,-0.578125,0.21875,0.34375
1695722087689,0.6437988,-0.018615723,-0.66070557,-1.96875,0.0,0.328125
1695722087734,0.6394043,-0.00982666,-0.65948486,-2.28125,1.4375,0.28125
1695722087763,0.6352539,-0.012756348,-0.6724243,-1.75,0.546875,0.15625
1695722087809,0.6418457,-0.016418457,-0.68048096,-1.359375,1.671875,0.828125
1695722087838,0.64086914,-0.02520752,-0.6799927,-0.75,0.171875,0.390625
1695722087884,0.65112305,-0.0178833,-0.68927,-0.703125,-0.421875,0.421875
1695722087929,0.63916016,-0.012023926,-0.67559814,-0.546875,-0.96875,0.34375
1695722087957,0.64404297,-0.010803223,-0.6782837,-0.59375,-2.296875,0.234375
1695722088003,0.6374512,-0.018371582,-0.6704712,-1.171875,-2.78125,0.40625
1695722088048,0.6376953,-0.020324707,-0.68048096,-1.890625,-0.3125,0.015625
1695722088078,0.64868164,-0.017150879,-0.6592407,0.5625,-2.34375,0.296875
1695722088123,0.64868164,-0.015197754,-0.6602173,2.46875,-4.34375,1.4375
1695722088152,0.65063477,-0.009094238,-0.6567993,2.625,-4.609375,1.515625
1695722088198,0.65478516,-0.0012817383,-0.67144775,1.625,-3.15625,0.765625
1695722088244,0.6594238,0.0018920898,-0.65826416,1.78125,-2.125,0.625
1695722088272,0.6582031,0.00579834,-0.6404419,1.015625,-2.484375,0.65625
1695722088319,0.6513672,0.0053100586,-0.6292114,3.015625,-1.078125,1.671875
1695722088364,0.654541,0.011169434,-0.6289673,1.171875,-5.421875,2.546875
1695722088392,0.6838379,0.014099121,-0.6856079,-1.28125,-7.8125,1.875
1695722088440,0.6899414,0.011169434,-0.6626587,-0.234375,-6.453125,0.765625
1695722088467,0.7038574,0.020202637,-0.64971924,0.78125,-4.8125,0.78125
1695722088514,0.6894531,0.028747559,-0.6885376,0.140625,-4.625,-0.828125
1695722088559,0.7272949,0.061462402,-0.6538696,9.828125,-26.625,-4.859375
1695722088589,0.70532227,0.008728027,-0.45220947,-0.875,-6.421875,-5.171875
1695722088634,0.70825195,0.0045776367,-0.45098877,0.625,2.1875,-2.640625
1695722088678,0.6999512,0.020690918,-0.5408325,-1.203125,13.875,0.8125
1695722088707,0.7175293,0.010925293,-0.6321411,-3.96875,17.6875,1.015625
1695722088753,0.71850586,0.022888184,-0.70196533,-1.796875,9.296875,0.578125
1695722088783,0.6960449,0.019470215,-0.6694946,-0.203125,1.734375,0.171875
1695722088828,0.67407227,0.020446777,-0.6375122,-0.65625,-0.203125,-0.125
1695722088874,0.66748047,0.018249512,-0.62091064,-0.5,-0.984375,-0.28125
1695722088903,0.68115234,0.030212402,-0.6694946,-1.65625,-2.078125,-0.78125
1695722088949,0.6870117,0.05731201,-0.7564087,6.96875,-25.265625,-5.234375
1695722089025,0.64404297,-0.01763916,-0.56622314,0.3125,0.453125,-6.25
1695722089030,0.67944336,-0.01373291,-0.5117798,-3.109375,11.3125,0.375
1695722089069,0.7011719,0.035827637,-0.63848877,-2.9375,19.890625,3.125
1695722089101,0.70166016,0.026306152,-0.69976807,-2.09375,10.140625,1.515625
1695722089144,0.68481445,0.028015137,-0.6951294,-2.21875,4.59375,-0.390625
1695722089188,0.6665039,0.007507324,-0.66973877,-1.984375,0.75,-1.28125
1695722089221,0.65527344,0.0006713867,-0.6477661,-1.03125,-0.546875,-0.390625
1695722089264,0.671875,0.0119018555,-0.6721802,-0.6875,-2.34375,-0.234375
1695722089309,0.7043457,0.018493652,-0.7876587,3.609375,-15.953125,-2.25
1695722089337,0.68188477,-0.010559082,-0.50201416,0.484375,-3.28125,-1.875
1695722089383,0.66186523,0.009460449,-0.52301025,-1.59375,9.359375,0.65625
1695722089459,0.6557617,0.001159668,-0.63482666,-2.46875,13.78125,1.734375
1695722089464,0.6813965,0.020935059,-0.72491455,-1.84375,8.125,0.34375
1695722089503,0.6945801,0.018981934,-0.708313,-0.828125,1.3125,-0.234375
1695722089533,0.6767578,0.009216309,-0.6980591,-2.5,0.90625,-1.453125
1695722089579,0.6513672,0.0060424805,-0.631897,-1.09375,-0.875,-0.828125
1695722089654,0.66430664,0.012145996,-0.6526489,-1.25,-0.9375,-0.875
1695722089660,0.7116699,0.020935059,-0.83721924,1.015625,-9.609375,-2.375
1695722089698,0.70092773,0.020935059,-0.55426025,2.0625,-5.4375,-3.0
1695722089728,0.5949707,-0.002746582,-0.41607666,-1.640625,7.109375,0.4375
1695722089789,0.6682129,0.026550293,-0.6519165,-0.921875,13.546875,3.640625
1695722089818,0.67749023,0.008239746,-0.70318604,-4.765625,9.203125,-0.921875
1695722089848,0.66796875,-0.00030517578,-0.71588135,-3.984375,5.265625,-1.515625
1695722089893,0.6496582,0.001159668,-0.68414307,-2.1875,2.84375,-1.09375
1695722089939,0.6374512,-0.006652832,-0.6799927,-1.828125,1.984375,-0.828125
1695722089969,0.6352539,-0.008117676,-0.6670532,-0.75,1.390625,0.171875
1695722090013,0.64501953,0.0016479492,-0.66363525,0.3125,2.421875,0.9375
1695722090043,0.6352539,0.01361084,-0.6350708,-1.28125,4.15625,0.9375
1695722090089,0.625,-0.0037231445,-0.69195557,-1.671875,3.078125,0.5625
1695722090133,0.6335449,0.007019043,-0.71173096,-1.5,0.734375,-0.1875
1695722090162,0.62524414,-0.011291504,-0.6651001,-2.28125,2.515625,-0.46875
1695722090208,0.63916016,0.0014038086,-0.7366333,-2.265625,0.84375,-0.25
1695722090253,0.6262207,0.00018310547,-0.6812134,-0.953125,-0.296875,-0.375
1695722090282,0.62646484,-0.012512207,-0.6704712,-2.484375,0.375,-0.234375
1695722090328,0.62402344,-0.0071411133,-0.68707275,-1.84375,-0.078125,0.0625
1695722090373,0.63256836,-0.015686035,-0.6878052,-2.234375,-0.328125,0.1875
1695722090403,0.62841797,-0.006164551,-0.6826782,-2.125,0.234375,0.359375
1695722090450,0.63623047,-0.011291504,-0.7036743,-2.359375,0.015625,0.296875
1695722090477,0.63134766,-0.013000488,-0.6843872,-1.9375,-0.0625,0.078125
1695722090523,0.62280273,-0.0134887695,-0.68951416,-1.640625,-0.96875,0.453125
1695722090553,0.63549805,-0.008361816,-0.69415283,-1.765625,-1.15625,0.578125
1695722090598,0.62939453,-0.017150879,-0.66607666,-2.65625,-2.421875,0.625
1695722090644,0.62939453,-0.019836426,-0.6826782,-2.6875,-0.71875,-0.28125
1695722090674,0.64086914,-0.016662598,-0.6553345,-0.546875,-1.5625,0.625
1695722090719,0.64282227,-0.0056762695,-0.72442627,0.328125,-5.328125,2.109375
1695722090764,0.64160156,-0.010070801,-0.6638794,0.640625,-3.40625,0.515625
1695722090792,0.6425781,-0.013244629,-0.6765747,1.625,-1.65625,0.53125
1695722090838,0.65405273,-0.0022583008,-0.6902466,2.0625,-2.5,0.328125
1695722090867,0.64868164,-0.004211426,-0.66656494,2.09375,-3.609375,0.5625
1695722090913,0.65478516,0.007019043,-0.68536377,2.46875,-3.984375,1.0625
1695722090958,0.6665039,-0.0015258789,-0.6375122,1.125,-4.15625,0.0625
1695722090987,0.6477051,0.011169434,-0.64019775,1.765625,-2.09375,1.125
1695722091080,0.64038086,0.008239746,-0.62579346,0.296875,-1.140625,0.859375
1695722091085,0.657959,0.020446777,-0.6577759,-1.359375,-3.359375,1.15625
1695722091109,0.6750488,0.0099487305,-0.6668091,-2.5,-9.59375,1.296875
1695722091153,0.68725586,0.013122559,-0.6616821,-1.3125,-7.25,0.828125
1695722091186,0.6933594,0.012390137,-0.6292114,0.515625,-3.65625,0.359375
1695722091228,0.7001953,0.014099121,-0.66119385,0.171875,-2.6875,0.0
1695722091274,0.70043945,-0.0068969727,-0.88653564,7.28125,-6.375,-0.09375
1695722091304,0.79345703,0.074645996,-0.5046997,5.734375,-20.703125,-8.484375
1695722091349,0.5822754,0.008483887,-0.4434204,3.890625,-2.859375,-1.984375
1695722091395,0.65600586,0.0033569336,-0.49102783,1.28125,8.859375,2.421875
1695722091422,0.72216797,0.044128418,-0.62823486,-3.5,16.734375,0.9375
1695722091468,0.7158203,0.025817871,-0.68829346,-0.734375,10.578125,2.171875
1695722091498,0.71728516,0.031921387,-0.70025635,-1.609375,4.40625,-0.203125
1695722091544,0.65527344,0.018737793,-0.6555786,-0.46875,-0.453125,-0.265625
1695722091588,0.6621094,0.030944824,-0.6104126,-0.796875,-0.515625,-0.140625
1695722091618,0.6801758,0.031677246,-0.68829346,-2.125,-2.234375,-1.15625
1695722091664,0.7553711,0.03704834,-0.81378174,2.09375,-17.71875,-3.203125
1695722091712,0.65722656,0.038757324,-0.51348877,2.140625,-3.75,-7.90625
1695722091738,0.6879883,-0.01739502,-0.5046997,-1.796875,4.984375,-1.421875
1695722091783,0.69433594,0.0016479492,-0.6265259,-3.4375,19.484375,2.75
1695722091813,0.7233887,0.01751709,-0.6802368,0.296875,8.828125,2.328125
1695722091859,0.6906738,0.03778076,-0.6848755,-0.5,3.859375,1.1875
1695722091903,0.66674805,0.020935059,-0.65802,-1.921875,1.25,-0.953125
1695722091932,0.6689453,0.018737793,-0.6548462,-0.921875,1.015625,-0.28125
1695722091978,0.67944336,0.017028809,-0.6658325,-1.203125,-1.3125,-0.75
1695722092025,0.70581055,0.022155762,-0.8255005,-0.03125,-10.734375,-2.703125
1695722092052,0.67285156,0.022888184,-0.46270752,2.640625,-6.53125,-4.265625
1695722092099,0.6296387,0.0079956055,-0.41290283,-0.9375,3.109375,-0.421875
1695722092127,0.6958008,0.0038452148,-0.63897705,-2.0625,17.8125,3.109375
1695722092173,0.69750977,0.041931152,-0.7229614,-1.9375,8.25,1.0625
1695722092221,0.67626953,0.028259277,-0.6992798,-2.390625,4.8125,-0.21875
1695722092248,0.67333984,0.0028686523,-0.6734009,-2.421875,0.296875,-1.90625
1695722092294,0.64501953,0.008483887,-0.6499634,-1.328125,-0.484375,-0.859375
1695722092353,0.6669922,0.018005371,-0.66729736,-1.0,-1.484375,-0.671875
1695722092368,0.7072754,0.0289917,-0.8040161,0.703125,-7.828125,-1.546875
1695722092415,0.7414551,0.03289795,-0.5918579,0.390625,-10.171875,-3.359375
1695722092443,0.60839844,-0.0056762695,-0.41558838,-1.1875,4.46875,0.078125
1695722092490,0.68408203,0.054626465,-0.6765747,-1.03125,10.53125,2.75
1695722092534,0.66552734,0.038024902,-0.66363525,-4.203125,8.578125,-1.125
1695722092563,0.66845703,0.014831543,-0.69122314,-3.125,6.6875,-0.453125
1695722092609,0.6765137,0.013366699,-0.7131958,-2.953125,3.515625,-1.828125
1695722092653,0.6345215,0.00091552734,-0.65167236,-1.46875,2.265625,-0.53125
1695722092683,0.64746094,0.0021362305,-0.6897583,-1.515625,2.546875,-0.109375
1695722092729,0.64282227,0.0016479492,-0.6694946,-0.640625,2.3125,0.265625
1695722092758,0.6447754,0.005065918,-0.66851807,-1.328125,2.3125,0.375
1695722092803,0.6442871,0.004333496,-0.67755127,-2.0625,2.78125,-0.015625
1695722092848,0.63061523,-0.003479004,-0.6790161,-3.6875,3.953125,-0.734375
1695722092878,0.6345215,-0.0049438477,-0.694397,-2.890625,2.578125,-0.65625
1695722092923,0.63183594,-0.0071411133,-0.70684814,-2.03125,1.828125,-0.328125
1695722092968,0.64038086,-0.0029907227,-0.7131958,-1.0,0.296875,-0.40625
1695722092997,0.6303711,-0.008605957,-0.68878174,-1.125,0.078125,-0.40625
1695722093044,0.6364746,-0.008605957,-0.68878174,-1.125,-0.171875,-0.703125
1695722093072,0.6286621,-0.0044555664,-0.6873169,-0.765625,-0.375,0.265625
1695722093119,0.6291504,-0.015930176,-0.71343994,-2.03125,1.234375,-0.140625
1695722093163,0.63256836,-0.010559082,-0.66973877,-2.65625,0.3125,0.515625
1695722093192,0.6269531,0.00018310547,-0.6851196,-2.59375,-0.71875,-0.046875
1695722093239,0.6274414,-0.0154418945,-0.68048096,-2.359375,-0.203125,-0.09375
1695722093314,0.6376953,-0.017150879,-0.71417236,-2.1875,-0.890625,0.140625
1695722093318,0.6286621,-0.0068969727,-0.67633057,-1.25,-0.796875,0.046875
1695722093358,0.6296387,-0.009094238,-0.6765747,-1.6875,-0.453125,-0.28125
1695722093389,0.6257324,-0.00982666,-0.6663208,-1.125,-0.203125,-0.21875
1695722093433,0.625,-0.019592285,-0.6638794,-0.21875,0.4375,0.546875
1695722093480,0.65625,-0.0076293945,-0.71832275,1.234375,-1.25,0.703125
1695722093508,0.6303711,-0.010314941,-0.6626587,1.09375,-2.1875,0.453125
1695722093553,0.6533203,-0.008850098,-0.70635986,1.765625,-3.046875,1.3125
1695722093629,0.6459961,0.0033569336,-0.66656494,2.28125,-4.453125,1.203125
1695722093635,0.64575195,0.0048217773,-0.67022705,1.4375,-3.515625,1.203125
1695722093673,0.64575195,0.008483887,-0.63482666,1.828125,-4.265625,0.53125
1695722093765,0.65771484,0.003112793,-0.6499634,1.15625,-3.171875,0.890625
1695722093771,0.6635742,0.012634277,-0.6626587,2.28125,-3.5,1.984375
1695722093794,0.6582031,0.015808105,-0.64385986,0.265625,-2.09375,1.640625
1695722093826,0.65649414,0.019958496,-0.6397095,-0.78125,0.25,0.09375
1695722093869,0.6455078,0.016296387,-0.5874634,1.828125,0.375,1.921875
1695722093943,0.6452637,0.02142334,-0.68096924,-2.703125,-4.171875,4.125
1695722093947,0.6862793,0.023620605,-0.7036743,-1.828125,-4.796875,1.546875
1695722093997,0.69799805,0.028015137,-0.6814575,0.671875,-4.8125,-0.203125
1695722094017,0.6838379,0.032165527,-0.6814575,0.25,-4.125,-1.375
1695722094063,0.72875977,0.034606934,-0.75787354,5.375,-10.375,-2.34375
1695722094108,0.6906738,0.012145996,-0.5281372,1.0,-12.109375,-5.109375
1695722094138,0.66748047,0.0060424805,-0.4649048,-3.125,0.796875,-3.09375
1695722094184,0.67529297,0.012390137,-0.5742798,-3.09375,10.1875,-0.40625
1695722094228,0.69628906,0.008728027,-0.6489868,-1.96875,13.421875,1.03125
1695722094259,0.7216797,0.036315918,-0.7107544,-0.046875,4.84375,0.75
1695722094304,0.6760254,0.028259277,-0.6577759,-0.28125,0.90625,0.34375
1695722094333,0.66137695,0.02166748,-0.6218872,-0.140625,0.171875,0.5
1695722094379,0.6591797,0.022888184,-0.63165283,-0.359375,-0.34375,0.203125
1695722094424,0.66845703,0.020690918,-0.7227173,-2.84375,-3.203125,-2.296875
1695722094453,0.72802734,0.054870605,-0.6367798,5.796875,-18.5,-5.53125
1695722094500,0.61083984,-0.0178833,-0.4668579,1.890625,-0.71875,-4.6875
1695722094544,0.6677246,-0.0012817383,-0.5120239,-0.640625,6.5,0.828125
1695722094572,0.6726074,0.020446777,-0.6067505,-2.90625,15.625,1.734375
1695722094618,0.7060547,0.01727295,-0.7288208,-2.296875,9.3125,1.53125
1695722094648,0.6713867,0.028747559,-0.6865845,-1.234375,2.8125,-0.015625
1695722094694,0.6687012,0.012390137,-0.6560669,-1.546875,0.578125,-0.9375
1695722094739,0.66967773,0.020446777,-0.6646118,-0.390625,-1.46875,-0.265625
1695722094767,0.69750977,0.028015137,-0.78375244,-0.28125,-9.078125,-1.75
1695722094813,0.6779785,0.062438965,-0.5569458,5.796875,-15.546875,-5.90625
1695722094842,0.5891113,-0.003479004,-0.47613525,2.625,-2.796875,-2.21875
1695722094919,0.68359375,0.02557373,-0.5991821,-0.96875,14.46875,3.328125
1695722094933,0.6789551,0.03289795,-0.66485596,-3.1875,12.796875,1.796875
1695722094964,0.7277832,0.0289917,-0.77789307,-2.3125,6.109375,0.03125
1695722095009,0.657959,0.019226074,-0.6790161,-2.828125,-0.4375,-1.75
1695722095055,0.63623047,0.008972168,-0.6152954,-1.625,-2.046875,-1.328125
1695722095083,0.63671875,-0.004211426,-0.6531372,-1.125,0.015625,-0.390625
1695722095129,0.689209,0.020202637,-0.78985596,-1.46875,-1.5,-0.6875
1695722095158,0.7397461,0.0016479492,-0.44830322,3.078125,-14.109375,-3.421875
1695722095205,0.58325195,-0.03741455,-0.43756104,-0.75,7.171875,1.125
1695722095249,0.6555176,0.028259277,-0.6831665,-0.953125,12.875,2.3125
1695722095277,0.6611328,0.019226074,-0.68414307,-2.640625,9.84375,-0.53125
1695722095323,0.670166,0.018005371,-0.72052,-2.90625,6.21875,-1.359375
1695722095368,0.6633301,0.003112793,-0.7280884,-2.296875,2.921875,-1.234375
1695722095398,0.6364746,0.00579834,-0.6760864,-1.484375,2.046875,-0.40625
1695722095443,0.6225586,0.0036010742,-0.6712036,-1.46875,2.1875,-0.296875
1695722095473,0.62768555,0.0026245117,-0.67437744,-0.40625,1.8125,0.5
1695722095518,0.6320801,0.009460449,-0.68536377,-0.671875,1.640625,0.40625
1695722095565,0.640625,0.019470215,-0.6572876,-0.125,0.09375,-0.015625
1695722095592,0.6303711,0.008972168,-0.6836548,-1.453125,1.53125,-0.15625
1695722095638,0.6291504,0.008483887,-0.68536377,-3.390625,2.453125,-1.140625
1695722095684,0.6218262,0.0021362305,-0.69903564,-3.3125,2.65625,-0.953125
1695722095714,0.6298828,-0.006164551,-0.7058716,-2.703125,1.296875,-0.96875
1695722095759,0.6323242,-0.0005493164,-0.7017212,-2.125,0.359375,-0.65625
1695722095788,0.6245117,-0.0022583008,-0.6992798,-2.125,0.796875,-0.984375
1695722095833,0.6196289,-0.011779785,-0.6929321,-1.75,0.015625,-0.296875
1695722095880,0.60961914,-0.012023926,-0.6831665,-1.28125,-0.140625,0.0
1695722095908,0.62353516,-0.0049438477,-0.69195557,-1.265625,-0.109375,0.515625
1695722095953,0.62524414,-0.0017700195,-0.6917114,-2.09375,-0.25,0.265625
1695722095998,0.626709,-0.012512207,-0.69659424,-2.4375,-0.109375,-0.109375
1695722096029,0.6188965,-0.018127441,-0.68829346,-1.734375,-0.703125,0.59375
1695722096076,0.6123047,-0.015197754,-0.68585205,-1.8125,-0.390625,0.46875
1695722096103,0.6345215,-0.012023926,-0.71417236,-2.3125,0.421875,0.15625
1695722096148,0.6203613,-0.01373291,-0.6741333,-1.609375,-0.71875,0.046875
